

senet:
2.827052727341652
2.413106127696879
2.78358620909207
2.4026180505752563
2.1897851645069966
1.9870885886690195
1.8314266713226544
1.683730821179993
1.5517534311203396
1.4911364341045128
1.4449403053697418
1.3519038121928186
1.2666745343629051
1.218604695490178
1.121275367543978
1.1129222218604649
1.0311898264814825
0.9966037139734801
1.0149854353683836
0.9650232136687812
0.9163909252075588
0.850145723670721
0.9014478606336257
0.8805838126470061
0.7958782227600322
0.7749158856185043
0.7969325482845306
0.775139857083559
0.6849255695500794
0.7071394444826771
0.6610239088973578
0.6925855868441217
0.6275119956801919
0.6270781488103025
0.6260313163785374
0.5638675198835486
0.6222807778155103
0.5639662124654826
0.5165992648724247
0.5250606375801212
0.5409065811511349
0.4817452257608666
0.49605122537297364
0.4738539142862839
0.4182865446542992
0.46970620291198
0.4757100411635988
0.43732527117518816
0.4052464953240226
0.3587624485440114
0.41932308126021833
0.3991474060013014
0.42550896130063953
0.3693423615220715
0.3766998008770101
0.40319988547879104
0.4087180256405297
0.35751331531826186
0.30880289305658903
0.279960857156445
0.3524770344443181
0.2833387207459001
0.3063754963085932
0.2901666628963807
0.3717440480695051
0.2771211893242948
0.29619143158197403
0.3117477078648174
0.30793433285811367
0.2903059942319113
0.2515464731875588
0.27336303210433793
0.29632409881143007
0.2990989958976998
0.25837554629234705
0.23841350788579269
0.24706646580906474
0.2639389925581567
0.27061423144358043
0.24457721434095325
0.2430877199067789
0.22952263451674404
0.22464454590397723
0.24813777821905472
0.22325698790304802
0.27294014942120104
0.2749853894552764
0.2749581330401056
0.23340733174015493
0.22583595882443822
0.22286955946508577
0.2300981918678564
0.23708637935273788
0.17777127027511597
0.27032432266894507
0.16292782763347907
0.23151827910367181
0.15771554739159696
0.18633853249690113
0.19980539140455864
0.19480749438790715
2.7772844240945926
0.256382292465252
0.2591085534761934
0.26228858749656114
0.30969902741558414
0.25646379261332397
0.21917379976195447
0.19729157537221909
0.24360753727309845
0.27888333096223716
0.25054831846671943
0.21533404520767577
0.17595513953882105
0.31021174306378646
0.2665499448776245
0.24029537202680812
0.17189320527455387
0.20144268738872864
0.24763096496462822
0.21969317973536603
0.2097379232154173
0.2139896261779701
0.17331397007493413
0.23423586807706775
0.2028716811362435
0.1586170645759386
0.20889909017611952
0.1971738077700138
0.20790580572450862
0.18372904224430814
0.20457347175654242
0.22552910140332053
0.21016420248676748
0.17378967211526983
0.17656914670677745
0.13779171490493944
0.2130933197982171
0.20042311597396345
0.19112014441805728
0.1683753288405783
0.18513953313231468
0.167819920269882
0.22678960202371373
0.17652162602719138
0.16909648083588658
0.12731165416976986
0.16919763342422597
0.19577374265474431
0.18377528734066906
0.25086062752148686
0.19851462937453213
0.21715066724402063
0.17366975523969708
0.18779167554834308
0.17936879264957764
0.20363221383270094
0.21853202888194254
0.2080446032478529
0.14204017598839366
0.11091275644652984
0.14382429420948029
0.18972566833390908
0.21726810165187893
0.2519698552787304
0.17029444084447973
0.15594307114096248
0.1723292866612182
0.1133313981049201
0.11789541735368617
0.1596500297241351
0.09234311387819402
0.15848693032475078
0.18024388481588924
0.16295871467274778
0.19834254320491762
0.21009715339716742
0.15350239110343597
0.1506793442017892
0.14128491194809184
0.11995306391926373
0.2135934998445651
0.19696951745187535
0.20951234834159121
0.12912739002529314
0.22900592711041956
0.13609856082236066
0.16964192578897758
0.13605636949924862
0.12651198554564924
0.1401096060872078
0.16595659317339168
0.17632185602012804
0.19542150013148785
0.19735893815317573
0.16475291637813344
0.1178956382414874
0.14626570352736643
0.10519025934969678
0.2115354209261782
0.22653019976089983

linear
2.5998506055158725
2.196236530866693
1.9627803178394543
2.5772283717113385
2.1730576889479862
1.943684818551821
1.7695369111264454
1.6306264141903204
1.5100894340259188
1.4161135227802921
1.3227866934064556
1.2457988131791353
1.1760936574462582
1.110775590819471
1.0476301928215168
0.9993830855716678
0.9462292987634154
0.9034453115480787
0.8541603057700045
0.8112778269192752
0.775636370129445
0.7309993998531032
0.7001932699452428
0.6614115930655423
0.6310864520423553
0.6023592834963518
0.5680705762523062
0.5422337269958328
0.5098868005854242
0.4858464405817144
0.46420445709544067
0.43404493415180373
0.41952700387029085
0.3918734834912945
0.3700110732632525
0.35690466993871856
0.3323385575238396
0.3187978129614802
0.29835423454642296
0.2815557545160546
0.26962443572633404
0.2561596498331603
0.24037507702322566
0.22823131040615194
0.2168331814601141
0.2020763973979389
0.19294711070902207
0.181064755162772
0.1721822116523981
0.1644828312975519
0.15602262471528613
0.14755359116722555
0.1386141989599256
0.13337086316417246
0.12534745957921534
0.12128201083225362
0.11362128113122548
0.1086089135531117
0.10561698280713137
0.09821977071902331
0.09606019867693677
0.0903605541543049
0.0865733261932345
0.08234982696526191
0.07915909807471667
0.07553095239050248
0.07314746783060186
0.06907798568992053
0.06805623059763628
0.06465882698402685
0.062041466069572115
0.059733856907662225
0.058090144220520466
0.055977816090864295
0.05298108410309343
0.05258938341456301
0.05040245919543154
0.04901108956512283
0.04693325477487901
0.04585424876388382
0.04415708824115641
0.04314620091634638
0.04154460395083708
0.04067550029824762
0.039557608830578184
0.03835643608780468
0.03714891325901536
0.036465679240577364
0.03590900626252679
0.03473245615468306
0.033725830123705024
0.0328291580080986
0.03214454387917238
0.03123246133327484
0.030900915755945092
0.029889655902105218
0.029405093368361977
0.02858434398384655
0.028050969190457287
0.02769306959474788
0.027032961301943836
0.026407321586328393
0.025908506091903236
0.02528195609064663
0.024844410226625556
0.024310421417741215
0.023748695850372314
0.02351847685435239
0.023129588540862587
0.022653642822714412
0.022327071165337282
0.02168783939936582
0.02143397226053126
0.021038365276420817
0.020858238725101248
0.0205036783043076
0.019970722058240103
0.019856831606696632
0.019350849530276132
0.019142620703753305
0.018863374257788938
0.018448375603731942
0.018341424710610333
0.018052794915788314
0.017816588282585144
0.01744892667321598
0.017298770739751702
0.016965212629121894
0.01677577109897838
0.016570877064676845
0.01621911324122373
0.016099324559464175
0.01581052997533013
0.01572684373925714
0.015519446748144487
0.015247372143408832
0.015012189307633568
0.01492329073302886
0.01465831434025484
0.014487775809624615
0.014358413570067462
0.01417021979303921
0.01401926708572051
0.013844595235936782
0.013644332833149853
0.013515949687537025
0.013387769898947547
0.013225446729099049
0.013106976361835705
0.012903164853067958
0.012853431789314045
0.012616508147295783
0.012595353319364436
0.012405489297474133
0.012182588086408727
0.012135472806061016
0.012009649154017954
0.011874081019093008
0.01171588064993129
0.011696206296191496
0.011547999346957487
0.011421658975236556
0.011297829449176788
0.011229431804488687
0.011102893773247214
0.01098275140804403
0.010867249878013836
0.010782778263092041
0.010689561419627246
0.010624555542188533
0.010484513114480412
0.010430001598947188
0.010279409149113823
0.010184182840235093
0.010127827086869408
0.01006115403245477
0.009967447642017813
0.009889316909453449
0.009791062596966238
0.009715046952752507
0.009575870545471417
0.009559495484127718
0.00947938026750789
0.009427942773875068
0.009340496624217313
0.0092662612304968
0.009192774839260998
0.009126502801390254
0.009039065855390886
0.00898030970026465
0.008860070477513707
0.008824131506330827
0.008782711099175847
0.008701115846633911
0.00862580888411578
0.008580012794803171
0.00851361409706228
0.00846850433770348
0.00837910219150431
0.008341501740848316
0.008272107471438014
0.008218341452233931
